a;1382;1474;774;693;528;471;688;753;1396;1445;12437
a;1400;1522;734;671;474;449;687;672;1444;1482;12382
a;1435;1482;725;652;500;473;689;717;1424;1467;12376
a;1498;1420;732;667;479;460;634;686;1545;1404;12535
b;576;1857;1403;1195;814;589;1023;1007;1766;854;14686
b;600;1840;1412;1147;829;650;1016;998;1746;873;14659
b;611;1824;1385;1189;822;609;1018;1010;1777;845;14684
b;643;1821;1399;1155;774;551;1068;982;1748;890;14625
b;658;1782;1420;1137;819;579;1026;995;1750;877;14681
b;662;1774;1405;1147;799;628;984;999;1758;876;14656
b;694;1770;1379;1152;811;613;1028;1003;1730;899;14676
b;734;1720;1388;1141;820;590;1020;1019;1724;876;14676
b;784;1695;1376;1126;842;658;1023;1061;1625;940;14688
c;570;911;1054;1307;901;759;1098;840;906;732;13804
c;571;792;1189;1247;899;815;1099;881;872;712;13778
c;571;792;1189;1247;899;815;1099;881;872;712;13778
c;571;792;1189;1247;899;815;1099;881;872;712;13778
c;571;792;1189;1247;899;815;1099;881;872;712;13778
c;571;792;1189;1247;899;815;1099;881;872;712;13778
c;596;831;1035;1323;922;767;1086;846;921;708;13757
c;608;856;1073;1301;897;842;1051;864;811;824;13644
c;611;830;1100;1250;900;786;1093;859;889;718;13573
d;1110;1024;1145;1061;629;570;1115;1275;1112;984;12730
d;845;1331;1110;1033;628;596;1089;1255;1416;711;12696
d;961;1183;1189;1029;614;610;1112;1311;1152;899;12727
d;961;1183;1189;1029;614;610;1112;1311;1152;899;12727
d;961;1183;1189;1029;614;610;1112;1311;1152;899;12727
d;989;1174;1140;1001;581;591;1064;1316;1254;825;12706
d;996;1144;1160;1010;611;570;1105;1292;1089;973;12677
e;1004;1114;444;513;361;351;480;390;1018;1089;9197
e;1004;1114;444;513;361;351;480;390;1018;1089;9197
e;1032;1081;459;498;361;323;494;404;1070;1015;9176
e;1052;1082;454;505;368;322;512;393;963;1119;9216
e;1081;1059;438;492;363;338;492;353;972;1154;9175
e;1085;1051;455;499;359;319;508;368;928;1186;9189
e;1106;1054;430;479;373;335;481;363;947;1181;9161
e;980;1188;402;533;372;347;507;363;1009;1103;9193
e;980;1188;402;533;372;347;507;363;1009;1103;9193
e;996;1110;460;483;353;357;466;394;1114;989;9194
f;599;942;704;764;959;804;495;472;832;847;16473
f;642;842;725;796;929;830;510;456;971;723;16536
f;692;848;710;761;892;785;529;441;943;755;16567
f;727;796;752;735;890;828;492;429;783;916;16455
f;750;782;715;746;910;801;525;421;826;877;16342
g;1052;1489;1338;1505;1049;1018;1773;1592;1220;1097;17102
g;1107;1428;1333;1494;1023;1108;1695;1596;1301;1027;17098
g;947;1517;1409;1564;993;1056;1762;1658;1338;882;17112
g;947;1517;1409;1564;993;1056;1762;1658;1338;882;17112
g;970;1515;1361;1503;1047;1039;1739;1636;1206;1071;17117
h;1383;1761;867;864;590;556;796;717;1587;1597;14404
h;1389;1500;1118;898;544;521;847;807;1563;1496;14454
h;1389;1500;1118;898;544;521;847;807;1563;1496;14454
h;1500;1524;987;879;597;527;788;717;1522;1671;14447
h;1542;1470;969;909;600;561;784;644;1610;1615;14428
h;1560;1414;1005;858;592;481;768;822;1352;1686;14492
j;715;1311;1479;1398;698;624;993;1209;1530;833;13848
j;771;1230;1405;1437;742;649;980;1207;1506;854;13838
j;786;1244;1410;1422;718;644;1012;1180;1572;808;13854
j;887;1199;1479;1311;698;624;998;1193;1364;1025;13871
j;894;1130;1378;1473;738;655;960;1271;1476;853;13878
k;597;844;673;710;398;381;615;474;753;807;8814
k;610;786;699;725;406;402;620;428;754;818;8802
k;611;788;684;728;394;388;636;495;742;787;8823
k;616;780;687;710;431;410;601;444;772;795;8732
k;622;752;702;724;408;400;610;442;828;748;8821
k;630;783;689;726;403;421;607;457;746;817;8807
k;668;729;703;729;395;411;591;436;748;840;8836
k;700;712;651;691;472;416;624;456;756;802;8820
k;737;699;673;657;402;426;583;463;818;750;8855
k;737;699;673;657;402;426;583;463;818;750;8855
k;737;699;673;657;402;426;583;463;818;750;8855
l;1122;1394;1065;952;565;527;917;907;1192;1272;12713
l;1274;1311;960;953;581;534;1010;679;1385;1190;12702
l;1283;1320;992;987;577;595;939;802;1197;1344;12488
l;1291;1427;908;961;523;534;904;765;1220;1438;12743
l;1314;1277;1011;988;541;595;890;820;1240;1349;12732
l;1396;1274;950;960;553;486;932;746;1234;1412;12750
l;1417;1255;874;1005;578;571;922;806;1249;1318;12728
m;1397;1712;958;1531;890;558;808;717;1802;1790;14424
m;1414;1742;987;1369;872;486;816;721;1973;1682;14528
m;1467;1455;1145;1584;848;528;832;790;1739;1784;14381
m;1549;1441;1096;1522;900;519;848;782;1739;1828;14603
m;736;921;449;482;308;391;495;581;985;751;7793
n;1327;2265;1720;1551;691;674;1021;1120;2133;2007;18291
n;1735;1953;1588;1578;741;656;979;1029;2430;1847;18297
n;1742;1994;1587;1527;718;609;971;919;2197;2170;18240
n;1834;1969;1539;1527;720;645;932;926;1974;2427;18312
n;1837;1835;1577;1592;741;653;998;919;2150;2200;18290
n;1896;1772;1516;1642;723;678;986;1009;2074;2192;18302
n;1958;1827;1512;1571;696;671;958;955;2154;2205;18289
n;2009;1775;1657;1464;694;631;971;916;2225;2219;18339
n;2009;1775;1657;1464;694;631;971;916;2225;2219;18339
n;2009;1775;1657;1464;694;631;971;916;2225;2219;18339
n;2009;1775;1657;1464;694;631;971;916;2225;2219;18339
n;2073;1709;1515;1531;743;629;953;896;2247;2186;18298
o;1000;1098;381;408;321;401;552;501;1154;918;9523
o;1033;1041;414;415;326;437;556;509;1042;1002;9543
o;1087;1031;363;420;291;411;550;480;1033;1059;9560
o;1106;1031;339;413;330;428;548;490;1056;1031;9505
o;1111;1015;355;406;321;431;559;466;1002;1098;9534
o;1122;1002;363;407;308;425;526;486;1042;1055;9546
o;1159;915;409;434;298;434;545;508;870;1173;9530
o;936;1150;378;415;318;390;566;475;1119;965;9539
o;962;1233;1115;1043;622;613;1082;1255;1182;936;12709
p;717;918;466;538;313;411;528;540;939;797;7781
p;772;919;424;526;286;417;525;507;999;789;7821
p;973;683;460;489;289;371;504;535;834;937;7812
p;973;683;460;489;289;371;504;535;834;937;7812
q;1013;1230;931;1000;634;601;883;1042;1216;948;12974
q;1258;1011;922;967;635;603;870;1054;950;1225;13000
q;842;1319;936;1062;643;625;877;1196;1184;820;13015
q;924;1300;941;1017;630;646;907;1122;1089;955;13035
r;1024;1294;1165;1211;516;609;1136;880;1347;1099;13019
r;1079;1317;1116;1166;551;600;1134;853;1269;1201;12994
r;1103;1300;1099;1209;548;628;1095;794;1265;1237;13003
r;1132;1263;1062;1228;534;645;1166;787;1257;1206;13010
r;1132;1289;1092;1185;543;624;1104;831;1284;1186;13015
r;1221;1153;1151;1166;509;612;1120;864;1330;1129;13005
r;1241;1183;1082;1137;561;625;1130;860;1308;1152;13025
r;984;1282;1247;1138;523;631;1213;945;1377;956;12677
r;984;1282;1247;1138;523;631;1213;945;1377;956;12677
r;993;1302;1190;1191;530;680;1145;943;1308;1057;13006
s;1041;1237;1138;1511;1025;1046;1459;1326;1274;974;16092
s;953;1223;1229;1523;1047;1028;1513;1359;1223;936;16101
t;766;1009;641;807;488;450;740;827;857;820;9335
t;783;996;649;802;511;450;733;788;911;808;9326
u;1171;1209;419;490;335;337;531;380;1183;1244;9820
u;1200;1190;424;449;327;350;483;388;1101;1319;9812
u;1270;1108;404;492;326;366;541;368;1180;1252;9813
u;1437;959;410;456;358;375;489;368;1032;1414;9773
v;660;764;1408;2327;1174;1226;2770;1313;663;579;15655
v;691;801;1437;2294;1133;1200;2712;1386;712;585;15703
v;717;783;1390;2318;1137;1242;2688;1356;698;624;15724
x;664;967;1176;1511;867;791;1394;1141;968;756;12733
x;678;920;1233;1474;871;797;1409;1161;1035;689;12723
x;717;938;1186;1464;885;796;1402;1155;950;781;12723
x;765;851;1183;1471;937;829;1427;1142;831;869;12738
x;765;851;1183;1471;937;829;1427;1142;831;869;12738
x;765;851;1183;1471;937;829;1427;1142;831;869;12738
x;778;859;1184;1464;898;774;1439;1134;988;750;12708
z;728;1260;1345;2054;1166;1322;2728;1497;1019;638;16818
z;821;1269;1318;2037;1162;1227;2670;1499;1032;723;16825
z;847;1201;1404;1968;1136;1253;2696;1606;966;707;16914
z;857;1224;1349;2010;1171;1237;2702;1508;985;756;16817